simTime,realTime,result,prediction,deltaT,payload
117.6,0.017829,16.6171,22.6427,121,6.05
238.6,0.035244,30.3417,23.6803,121,6.05
324.6,0.045547,24.6964,23.4567,86,4.3
337.6,0.047594,16.9641,13.5707,13,0.65
348.6,0.049076,7.11523,8.90118,11,0.55
469.6,0.063595,23.9977,25.4931,121,6.05
539.6,0.07133,25.3888,26.2692,70,3.5
549.6,0.072496,11.2881,9.03798,10,0.5
564.6,0.073916,9.73476,13.0112,15,0.75
595.6,15.2561,23.064,20.3174,31,1.55
679.6,15.2674,26.0509,22.8658,84,4.2
