simTime,realTime,result,prediction,deltaT,payload
11.7,0.001991,8.03813,10.9096,15,0.75
132.7,0.017689,20.6624,11.6766,121,6.05
224.7,0.028332,19.7453,17.9427,92,4.6
327.7,0.038263,27.4077,15.8143,103,5.15
340.7,0.039778,3.85408,7.43471,13,0.65
358.7,0.041753,3.9988,6.30425,18,0.9
479.7,0.058708,15.9384,14.8054,121,6.05
536.7,0.064385,16.1258,14.9225,57,2.85
550.7,0.065812,2.83009,9.29812,14,0.7
579.7,0.070099,9.37679,10.2328,29,1.45
