simTime,realTime,result,prediction,deltaT,payload
120.3,0.015844,20.3039,22.0733,121,6.05
241.3,0.029848,29.4632,23.2939,121,6.05
300.3,0.03599,26.6624,24.6035,59,2.95
329.3,0.039091,14.0578,18.957,29,1.45
339.3,0.040278,9.30055,9.25467,10,0.5
359.3,0.042259,12.6832,13.836,20,1
480.3,0.056303,28.6645,25.7163,121,6.05
543.3,0.062663,28.8922,26.8322,63,3.15
664.3,15.3075,18.4891,22.398,121,6.05
