simTime,realTime,result,prediction,deltaT,payload
117.6,0.017862,18.2797,17.9599,121,6.05
238.6,0.035263,16.8601,13.308,121,6.05
323.6,0.045321,20.1641,13.2366,85,4.25
333.6,0.046954,13.3614,7.16931,10,0.5
343.6,0.04839,0,7.26582,10,0.5
354.6,0.049815,10.3718,7.56581,11,0.55
475.6,0.06439,17.1368,14.8054,121,6.05
545.6,0.07208,20.0074,15.2877,70,3.5
583.6,0.075858,9.91615,11.2301,38,1.9
