simTime,realTime,result,prediction,deltaT,payload
118.4,0.015862,22.9348,22.6427,121,6.05
239.4,0.030519,22.9699,23.6803,121,6.05
333.4,0.041102,27.2842,24.4774,94,4.7
344.4,0.042433,7.59971,9.8453,11,0.55
362.4,0.044493,15.29,13.4278,18,0.9
457.4,0.057104,20.1914,25.7582,95,4.75
544.4,0.068319,25.0764,27.4785,87,4.35
557.4,0.069671,7.73251,11.6036,13,0.65
676.4,15.362,28.3425,25.8306,119,5.95
